Interaction Residues,ChainA,ChainB,CombinedGeneral,Ag,Ab,CombinedAbAg
ALA ALA,1188,1171,2359,142,864,1006
ALA ARG,1836,1778,3614,266,1878,2144
ALA ASN,1156,1126,2282,401,1628,2029
ALA ASP,1390,1380,2770,325,1072,1397
ALA CYS,374,336,710,105,1059,1164
ALA GLN,1239,1233,2472,234,304,538
ALA GLU,1726,1707,3433,282,422,704
ALA GLY,2031,1993,4024,453,2201,2654
ALA HIS,778,710,1488,106,1001,1107
ALA ILE,1753,1700,3453,208,2954,3162
ALA LEU,3012,3045,6057,324,1681,2005
ALA LYS,1296,1312,2608,304,510,814
ALA MET,750,714,1464,93,1081,1174
ALA PHE,1377,1387,2764,172,1035,1207
ALA PRO,1318,1236,2554,303,441,744
ALA SER,1558,1513,3071,304,3816,4120
ALA THR,1567,1558,3125,388,2377,2765
ALA TRP,426,423,849,83,2772,2855
ALA TYR,1253,1185,2438,176,6414,6590
ALA VAL,1985,1977,3962,236,2489,2725
ARG ARG,1114,1057,2171,202,441,643
ARG ASN,1139,1183,2322,459,1228,1687
ARG ASP,1896,1924,3820,582,1446,2028
ARG CYS,338,334,672,98,988,1086
ARG GLN,1315,1231,2546,319,362,681
ARG GLU,2640,2563,5203,551,717,1268
ARG GLY,1784,1780,3564,521,1730,2251
ARG HIS,811,748,1559,227,770,997
ARG ILE,1723,1617,3340,348,1794,2142
ARG LEU,2893,2856,5749,411,1139,1550
ARG LYS,1330,1277,2607,364,418,782
ARG MET,700,690,1390,89,721,810
ARG PHE,1426,1308,2734,255,1454,1709
ARG PRO,1229,1214,2443,316,1311,1627
ARG SER,1592,1578,3170,448,2665,3113
ARG THR,1548,1473,3021,474,1480,1954
ARG TRP,560,536,1096,182,903,1085
ARG TYR,1457,1459,2916,333,3635,3968
ARG VAL,1756,1751,3507,246,1046,1292
ASN ASN,457,453,910,382,943,1325
ASN ASP,999,1027,2026,546,1577,2123
ASN CYS,243,270,513,129,324,453
ASN GLN,815,841,1656,268,462,730
ASN GLU,1134,1177,2311,363,572,935
ASN GLY,1085,1183,2268,619,2926,3545
ASN HIS,560,516,1076,125,644,769
ASN ILE,1029,994,2023,344,2325,2669
ASN LEU,1633,1656,3289,446,1668,2114
ASN LYS,944,951,1895,667,670,1337
ASN MET,435,449,884,74,442,516
ASN PHE,913,900,1813,216,1051,1267
ASN PRO,831,825,1656,311,882,1193
ASN SER,1081,1085,2166,422,2954,3376
ASN THR,1008,1018,2026,683,1826,2509
ASN TRP,347,337,684,295,1720,2015
ASN TYR,953,931,1884,317,4502,4819
ASN VAL,1051,1078,2129,274,1266,1540
ASP ASP,576,581,1157,132,781,913
ASP CYS,306,286,592,108,55,163
ASP GLN,898,868,1766,295,371,666
ASP GLU,1322,1335,2657,410,517,927
ASP GLY,1425,1468,2893,723,1792,2515
ASP HIS,625,642,1267,148,479,627
ASP ILE,1225,1288,2513,410,1380,1790
ASP LEU,1929,2007,3936,371,842,1213
ASP LYS,1362,1406,2768,562,653,1215
ASP MET,466,454,920,108,311,419
ASP PHE,1033,1054,2087,229,895,1124
ASP PRO,925,942,1867,314,688,1002
ASP SER,1391,1432,2823,470,2596,3066
ASP THR,1257,1268,2525,486,1393,1879
ASP TRP,418,431,849,187,1063,1250
ASP TYR,1155,1184,2339,317,3493,3810
ASP VAL,1412,1460,2872,293,1070,1363
CYS CYS,219,195,414,136,31,167
CYS GLN,222,233,455,113,411,524
CYS GLU,345,330,675,113,63,176
CYS GLY,426,392,818,143,452,595
CYS HIS,201,172,373,73,453,526
CYS ILE,345,313,658,66,452,518
CYS LEU,490,484,974,122,99,221
CYS LYS,244,228,472,132,107,239
CYS MET,152,138,290,44,498,542
CYS PHE,303,282,585,94,659,753
CYS PRO,280,263,543,165,38,203
CYS SER,383,341,724,132,496,628
CYS THR,333,325,658,132,520,652
CYS TRP,112,111,223,51,1262,1313
CYS TYR,287,278,565,73,2836,2909
CYS VAL,375,351,726,104,351,455
GLN GLN,369,416,785,132,281,413
GLN GLU,1126,1165,2291,278,165,443
GLN GLY,1060,1042,2102,295,1283,1578
GLN HIS,515,517,1032,150,337,487
GLN ILE,1103,1040,2143,314,746,1060
GLN LEU,1874,1919,3793,366,782,1148
GLN LYS,907,962,1869,344,317,661
GLN MET,481,480,961,100,126,226
GLN PHE,871,907,1778,158,1009,1167
GLN PRO,774,809,1583,246,602,848
GLN SER,1021,992,2013,283,1276,1559
GLN THR,952,1030,1982,348,1053,1401
GLN TRP,347,354,701,104,566,670
GLN TYR,895,882,1777,196,1604,1800
GLN VAL,1184,1256,2440,268,682,950
GLU GLU,891,878,1769,175,105,280
GLU GLY,1572,1608,3180,341,690,1031
GLU HIS,759,750,1509,162,215,377
GLU ILE,1637,1623,3260,283,811,1094
GLU LEU,2767,2813,5580,433,720,1153
GLU LYS,1823,1884,3707,637,384,1021
GLU MET,633,606,1239,103,174,277
GLU PHE,1296,1343,2639,240,400,640
GLU PRO,1078,1118,2196,299,348,647
GLU SER,1495,1416,2911,362,761,1123
GLU THR,1493,1448,2941,423,621,1044
GLU TRP,488,484,972,128,488,616
GLU TYR,1312,1356,2668,247,1048,1295
GLU VAL,1740,1760,3500,296,481,777
GLY GLY,989,960,1949,404,3228,3632
GLY HIS,697,658,1355,207,1179,1386
GLY ILE,1518,1568,3086,527,4102,4629
GLY LEU,2262,2393,4655,408,1262,1670
GLY LYS,1256,1295,2551,402,1360,1762
GLY MET,678,670,1348,116,1057,1173
GLY PHE,1233,1261,2494,181,2847,3028
GLY PRO,1206,1232,2438,369,2052,2421
GLY SER,1714,1640,3354,635,5389,6024
GLY THR,1560,1533,3093,529,5072,5601
GLY TRP,457,409,866,239,2397,2636
GLY TYR,1192,1192,2384,315,5326,5641
GLY VAL,1656,1621,3277,291,2210,2501
HIS HIS,248,267,515,47,98,145
HIS ILE,712,692,1404,156,1001,1157
HIS LEU,1101,1140,2241,185,810,995
HIS LYS,548,551,1099,160,214,374
HIS MET,325,304,629,60,377,437
HIS PHE,572,644,1216,144,532,676
HIS PRO,570,582,1152,163,358,521
HIS SER,709,677,1386,187,1389,1576
HIS THR,703,670,1373,204,732,936
HIS TRP,223,250,473,96,1173,1269
HIS TYR,607,580,1187,131,2020,2151
HIS VAL,727,720,1447,119,774,893
ILE ILE,1018,977,1995,202,942,1144
ILE LEU,3093,3037,6130,401,2484,2885
ILE LYS,1377,1366,2743,421,741,1162
ILE MET,659,644,1303,102,806,908
ILE PHE,1394,1405,2799,226,1315,1541
ILE PRO,1149,1087,2236,272,1514,1786
ILE SER,1378,1366,2744,319,4625,4944
ILE THR,1416,1394,2810,364,2373,2737
ILE TRP,417,426,843,225,2795,3020
ILE TYR,1250,1273,2523,214,5320,5534
ILE VAL,1947,1892,3839,266,1363,1629
LEU LEU,2704,2711,5415,255,705,960
LEU LYS,2131,2166,4297,485,1317,1802
LEU MET,1202,1164,2366,116,263,379
LEU PHE,2471,2520,4991,231,1150,1381
LEU PRO,1931,1981,3912,308,1312,1620
LEU SER,2326,2214,4540,432,3487,3919
LEU THR,2249,2237,4486,433,2011,2444
LEU TRP,715,717,1432,272,1426,1698
LEU TYR,1923,2035,3958,321,4105,4426
LEU VAL,3053,3133,6186,347,1381,1728
LYS LYS,593,592,1185,292,76,368
LYS MET,494,549,1043,103,128,231
LYS PHE,1045,1055,2100,248,267,515
LYS PRO,839,879,1718,278,502,780
LYS SER,1210,1230,2440,483,936,1419
LYS THR,1128,1086,2214,499,1277,1776
LYS TRP,391,391,782,170,294,464
LYS TYR,1098,1141,2239,381,1198,1579
LYS VAL,1369,1391,2760,306,662,968
MET MET,219,216,435,19,48,67
MET PHE,633,608,1241,72,950,1022
MET PRO,503,480,983,76,265,341
MET SER,642,629,1271,67,757,824
MET THR,603,577,1180,73,632,705
MET TRP,194,167,361,65,1322,1387
MET TYR,512,560,1072,104,1999,2103
MET VAL,684,755,1439,70,360,430
PHE PHE,640,696,1336,83,826,909
PHE PRO,1071,1074,2145,215,1109,1324
PHE SER,1204,1240,2444,209,2377,2586
PHE THR,1186,1193,2379,217,3025,3242
PHE TRP,420,402,822,103,1190,1293
PHE TYR,1150,1100,2250,197,4076,4273
PHE VAL,1499,1566,3065,199,1258,1457
PRO PRO,477,482,959,146,213,359
PRO SER,1081,1100,2181,324,1962,2286
PRO THR,1110,1113,2223,284,1584,1868
PRO TRP,400,378,778,107,692,799
PRO TYR,1113,1119,2232,249,2194,2443
PRO VAL,1325,1332,2657,254,1106,1360
SER SER,837,796,1633,312,4164,4476
SER THR,1367,1362,2729,387,3701,4088
SER TRP,422,370,792,166,2355,2521
SER TYR,1169,1167,2336,349,9372,9721
SER VAL,1515,1562,3077,345,3693,4038
THR THR,752,704,1456,258,1198,1456
THR TRP,406,410,816,247,1429,1676
THR TYR,1134,1066,2200,276,6218,6494
THR VAL,1639,1619,3258,347,1977,2324
TRP TRP,104,96,200,55,474,529
TRP TYR,482,432,914,131,5715,5846
TRP VAL,499,459,958,108,1701,1809
TYR TYR,598,554,1152,102,5481,5583
TYR VAL,1289,1250,2539,212,4984,5196
VAL VAL,1153,1153,2306,143,597,740
